


 Movement
0;-4.26;0.16;13.55;2.01;-0.52;-2.44
1;-4.39;1.03;14.66;2.18;-0.53;-2.06
2;-3.93;1.52;15.64;2.49;-0.39;-1.71
3;-4.15;0.41;14.38;2.92;0.03;-1.33
4;-5.59;1.05;10.12;3.24;0.20;-0.85
5;-6.16;2.38;5.48;3.23;0.01;-0.35
6;-6.05;3.09;2.46;2.95;-0.32;0.09
7;-5.74;3.60;0.89;2.59;-0.45;0.49
8;-5.77;4.01;0.23;2.23;-0.35;0.90
9;-5.51;4.07;-0.04;1.91;-0.02;1.36
10;-4.97;3.98;-0.46;1.65;0.81;1.90
11;-4.68;3.44;-1.28;1.34;1.49;2.45
12;-3.48;2.50;-1.73;0.94;1.75;2.95
13;-1.96;1.24;-2.16;0.47;1.82;3.34
14;0.50;0.00;-1.85;-0.01;2.19;3.62
15;1.62;-0.88;-1.85;-0.50;2.85;3.77
16;2.61;-1.25;-0.74;-1.08;3.08;3.82
17;4.70;-2.53;1.75;-1.59;3.28;3.77
18;6.01;-2.87;4.42;-1.93;3.63;3.62
19;7.71;-3.68;7.03;-2.19;3.42;3.35
20;9.32;-3.32;9.94;-2.34;2.92;2.93
21;11.80;-3.90;13.01;-2.32;2.51;2.43
22;12.55;-3.26;13.79;-2.11;2.37;1.84
23;13.32;-3.35;13.12;-1.98;1.80;1.22
24;13.48;-3.30;11.38;-1.88;1.48;0.58
25;13.38;-3.11;10.96;-1.99;0.81;-0.08
26;12.84;-3.58;12.07;-2.01;0.37;-0.73
27;11.71;-3.47;13.02;-1.97;-0.18;-1.29
28;11.38;-3.87;13.85;-1.86;-0.38;-1.77
29;10.57;-3.67;14.95;-1.76;-0.72;-2.21
30;10.30;-4.05;16.84;-1.59;-1.07;-2.64
31;9.26;-4.15;18.10;-1.30;-1.24;-3.02
32;8.10;-4.04;18.93;-0.99;-1.46;-3.32
33;6.62;-3.91;19.18;-0.63;-1.51;-3.54
34;5.10;-3.61;19.46;-0.29;-1.70;-3.70
35;3.53;-3.22;19.87;0.07;-1.78;-3.76
36;2.31;-3.20;20.22;0.48;-1.70;-3.74
37;0.87;-3.01;19.64;0.96;-1.56;-3.63
38;-0.62;-2.76;18.54;1.39;-1.53;-3.46
39;-1.56;-2.29;16.81;1.78;-1.37;-3.21
40;-2.98;-1.29;14.39;2.07;-1.17;-2.90
41;-3.90;-0.23;13.07;2.22;-1.10;-2.54
42;-4.11;0.47;12.86;2.36;-1.10;-2.20
43;-3.50;1.23;13.38;2.59;-0.78;-1.84
44;-3.66;1.05;12.97;2.89;-0.29;-1.49
45;-3.74;1.61;11.16;3.21;-0.01;-1.09
46;-3.93;2.26;7.92;3.43;0.51;-0.62
47;-3.95;2.75;4.69;3.49;1.14;-0.11
48;-4.25;2.90;2.22;3.34;1.50;0.40
49;-4.55;3.41;0.73;3.00;1.21;0.85
50;-4.02;3.69;0.16;2.62;0.93;1.28
51;-3.29;3.46;-0.27;2.27;1.14;1.69
52;-2.80;3.40;-1.03;1.90;1.58;2.08
53;-2.37;3.30;-1.76;1.46;1.99;2.43
54;-1.63;2.78;-2.20;0.94;2.23;2.74
55;-0.03;2.06;-2.56;0.41;2.64;2.98
56;0.93;1.60;-2.82;-0.16;3.26;3.12
57;1.17;0.84;-2.59;-0.86;3.27;3.14
58;2.17;-0.03;-2.09;-1.52;2.98;3.13
59;3.69;-1.26;-0.87;-2.13;3.15;3.06
60;4.54;-1.49;2.49;-2.76;3.02;2.84
61;6.28;-2.54;7.34;-3.09;2.62;2.53
62;7.00;-1.79;11.54;-3.10;2.18;2.16
63;8.87;-2.32;14.72;-2.90;1.77;1.76
64;9.17;-2.06;14.39;-2.50;1.97;1.31
65;8.90;-2.21;12.07;-2.30;1.77;0.83
66;7.85;-1.89;11.83;-2.35;1.17;0.39
67;8.89;-2.49;15.26;-2.31;0.48;-0.01
68;9.62;-2.15;17.89;-1.98;0.12;-0.43
69;10.32;-2.55;18.75;-1.58;-0.31;-0.90
70;10.33;-2.74;17.61;-1.16;-0.39;-1.39
71;9.95;-2.67;15.95;-0.88;-0.64;-1.85
72;9.69;-2.92;15.19;-0.71;-0.87;-2.29
73;8.70;-2.82;15.28;-0.60;-1.33;-2.73
74;7.54;-2.94;15.91;-0.49;-1.84;-3.10
75;6.20;-2.98;16.51;-0.33;-2.16;-3.37
76;4.91;-2.77;17.03;-0.11;-2.24;-3.53
77;3.54;-2.46;17.05;0.16;-2.19;-3.60
78;1.94;-2.29;16.34;0.42;-2.22;-3.61
79;0.27;-1.66;15.38;0.60;-2.46;-3.55
80;-0.62;-1.17;14.68;0.74;-2.58;-3.42
81;-1.33;-0.50;15.36;0.92;-2.35;-3.23
82;-1.79;-0.07;16.16;1.22;-1.71;-2.97
83;-3.11;-0.03;15.89;1.62;-1.08;-2.61
84;-4.33;0.58;14.33;2.00;-0.76;-2.17
85;-4.89;0.90;12.12;2.27;-0.42;-1.68
86;-5.19;1.72;10.03;2.42;0.00;-1.19
87;-5.22;2.24;8.59;2.45;0.26;-0.70
88;-5.50;2.55;7.40;2.41;0.25;-0.23
89;-5.41;2.94;6.19;2.32;0.07;0.24
90;-5.26;3.29;5.01;2.20;0.17;0.74
91;-5.03;3.37;3.91;2.05;0.49;1.25
92;-4.49;3.04;2.89;1.84;0.85;1.75
93;-3.57;2.84;2.04;1.59;1.24;2.22
94;-2.47;2.15;1.16;1.30;1.86;2.63
95;-1.06;1.70;-0.01;0.96;2.62;3.00
96;0.22;1.31;-0.89;0.50;3.34;3.30
97;1.07;0.92;-0.96;-0.06;3.53;3.44
98;2.46;0.38;0.14;-0.70;3.11;3.46
99;4.45;-0.47;1.58;-1.20;2.99;3.35
100;5.45;-1.13;2.60;-1.61;3.20;3.14
101;5.51;-1.46;3.79;-2.00;3.28;2.85
102;5.23;-1.10;6.34;-2.39;2.69;2.56
103;6.55;-1.98;9.08;-2.53;1.96;2.29
104;7.34;-1.90;9.84;-2.49;1.76;1.99
105;8.34;-2.43;9.74;-2.48;1.62;1.62
106;8.06;-2.32;9.60;-2.51;1.38;1.20
107;9.21;-2.60;11.43;-2.54;1.21;0.78
108;9.05;-2.51;12.79;-2.39;1.24;0.33
109;8.92;-2.56;12.72;-2.25;0.80;-0.10
110;8.92;-2.82;12.26;-2.16;0.48;-0.53
111;9.61;-2.92;13.94;-2.13;0.09;-0.97
112;10.35;-3.30;17.04;-1.92;-0.10;-1.45
113;10.34;-3.45;18.84;-1.53;-0.37;-1.94
114;9.80;-3.56;18.99;-1.15;-0.71;-2.42
115;8.66;-3.97;18.42;-0.81;-1.02;-2.87
116;7.30;-4.19;17.87;-0.52;-1.23;-3.23
117;5.97;-4.56;17.59;-0.25;-1.39;-3.50
118;3.87;-4.65;17.00;0.00;-1.58;-3.71
119;2.13;-4.37;16.57;0.19;-1.85;-3.80



 Movement
0;-1.01;-1.62;15.09;1.00;-1.02;-3.11
1;-1.73;-1.14;15.22;1.32;-0.80;-2.79
2;-2.59;-0.44;14.76;1.66;-0.58;-2.43
3;-3.34;0.11;13.46;1.97;-0.41;-2.03
4;-4.00;0.73;11.72;2.22;-0.20;-1.60
5;-4.24;1.27;10.03;2.38;0.02;-1.13
6;-4.15;1.82;8.53;2.45;0.19;-0.65
7;-4.16;1.72;7.17;2.48;0.28;-0.22
8;-4.62;2.60;5.45;2.39;0.11;0.19
9;-4.24;2.89;4.25;2.21;-0.01;0.59
10;-3.71;2.99;3.31;2.03;0.27;1.03
11;-2.73;2.91;2.88;1.83;0.79;1.47
12;-2.06;2.64;2.62;1.62;1.27;1.87
13;-1.30;2.41;2.37;1.38;1.53;2.23
14;-0.63;1.97;1.84;1.10;1.70;2.55
15;0.41;1.66;1.27;0.79;1.83;2.83
16;1.52;1.13;0.71;0.44;2.07;3.05
17;2.92;0.74;0.79;0.05;2.40;3.20
18;3.87;0.18;1.26;-0.34;2.65;3.24
19;4.78;-0.45;1.86;-0.74;2.84;3.21
20;5.56;-0.90;2.91;-1.17;2.72;3.09
21;7.39;-1.26;4.81;-1.50;2.77;2.90
22;8.34;-1.41;6.30;-1.70;2.88;2.59
23;9.37;-1.57;6.84;-1.84;2.86;2.19
24;9.34;-1.32;6.62;-2.02;2.70;1.74
25;9.91;-1.65;7.86;-2.31;1.86;1.26
26;10.73;-2.31;9.45;-2.42;1.13;0.75
27;11.44;-2.73;10.07;-2.42;0.81;0.23
28;11.18;-2.76;10.66;-2.43;0.59;-0.30
29;11.15;-3.14;12.50;-2.44;0.13;-0.81
30;11.68;-3.16;15.70;-2.30;-0.18;-1.29
31;12.05;-3.63;18.35;-1.94;-0.29;-1.79
32;11.18;-3.66;19.12;-1.49;-0.47;-2.29
33;10.12;-4.12;18.61;-1.05;-0.56;-2.71
34;9.33;-5.05;16.93;-0.63;-0.39;-3.04
35;7.74;-5.04;13.96;-0.35;-0.47;-3.32
36;6.37;-5.33;12.01;-0.33;-0.96;-3.58
37;5.36;-5.52;12.25;-0.40;-1.34;-3.77
38;3.73;-5.29;13.47;-0.39;-1.56;-3.88
39;2.67;-4.73;15.51;-0.33;-1.97;-3.91
40;2.05;-4.56;17.78;-0.09;-1.94;-3.86
41;1.29;-4.00;18.31;0.30;-1.69;-3.72
42;-0.00;-3.38;18.23;0.79;-1.21;-3.50
43;-1.53;-2.54;16.82;1.20;-0.96;-3.22
44;-2.62;-1.80;15.95;1.52;-0.90;-2.91
45;-3.36;-1.53;15.36;1.81;-0.90;-2.59
46;-3.91;-1.24;14.50;2.12;-0.85;-2.24
47;-4.53;-0.63;12.80;2.40;-0.58;-1.83
48;-4.86;0.32;11.41;2.57;-0.33;-1.35
49;-4.67;0.78;10.59;2.71;0.06;-0.83
50;-4.42;1.02;9.96;2.82;0.33;-0.34
51;-4.14;1.07;8.92;2.90;0.39;0.08
52;-3.92;1.59;7.17;2.90;0.29;0.47
53;-3.93;1.96;5.08;2.80;0.24;0.87
54;-3.72;2.24;3.09;2.61;0.22;1.28
55;-2.78;2.34;1.34;2.34;0.44;1.70
56;-1.81;2.45;-0.07;2.01;1.04;2.09
57;-0.80;2.09;-0.91;1.60;1.81;2.42
58;-0.04;2.14;-1.74;1.13;2.43;2.71
59;0.42;1.95;-2.18;0.56;2.66;2.92
60;0.82;1.75;-1.44;-0.09;2.35;3.05
61;1.68;1.02;0.30;-0.66;1.86;3.12
62;3.03;0.63;2.21;-1.07;1.52;3.16
63;4.87;-0.43;4.05;-1.33;1.73;3.14
64;5.93;-0.51;5.66;-1.51;1.97;3.02
65;7.12;-0.46;7.58;-1.64;1.94;2.79
66;8.33;-0.60;9.21;-1.64;1.94;2.51
67;8.53;-0.56;9.45;-1.61;1.73;2.18
68;8.56;-1.09;8.42;-1.58;1.49;1.86
69;7.90;-1.15;6.52;-1.69;1.11;1.56
70;8.48;-1.58;6.52;-1.95;0.61;1.28
71;10.06;-2.23;8.39;-2.09;0.62;0.94
72;10.30;-1.98;9.94;-2.09;0.76;0.51
73;10.44;-1.99;11.10;-2.07;0.47;0.09
74;10.39;-2.37;11.17;-1.98;0.27;-0.36
75;9.83;-2.43;10.45;-1.94;0.15;-0.79
76;9.03;-2.76;10.64;-2.00;-0.19;-1.19
77;8.98;-2.80;12.36;-2.03;-0.63;-1.53
78;9.07;-3.07;14.30;-1.91;-0.77;-1.86
79;9.13;-3.28;15.86;-1.68;-0.73;-2.18
80;8.83;-3.36;16.86;-1.40;-0.83;-2.49
81;8.46;-3.71;17.43;-1.10;-1.03;-2.80
82;7.51;-4.12;17.73;-0.77;-1.14;-3.06
83;6.75;-4.25;18.30;-0.45;-1.31;-3.26
84;5.58;-4.46;18.15;-0.07;-1.34;-3.42
85;4.31;-4.86;17.26;0.28;-1.39;-3.49
86;3.38;-4.74;16.99;0.62;-1.30;-3.46
87;2.07;-4.24;16.20;0.98;-1.01;-3.33
88;0.78;-3.69;15.18;1.28;-0.87;-3.16
89;-0.49;-2.96;14.42;1.52;-0.93;-2.96
90;-1.19;-2.15;14.11;1.72;-1.01;-2.72
91;-1.72;-1.69;13.68;1.97;-0.84;-2.43
92;-2.55;-0.72;12.78;2.22;-0.54;-2.08
93;-2.88;0.29;12.15;2.41;-0.29;-1.70
94;-2.83;0.44;11.76;2.61;0.04;-1.32
95;-2.99;0.85;10.94;2.81;0.27;-0.96
96;-3.24;0.89;9.41;2.94;0.28;-0.61
97;-3.88;1.42;7.17;2.97;0.08;-0.26
98;-4.13;2.06;5.25;2.86;-0.21;0.10
99;-4.35;2.69;3.70;2.68;-0.37;0.50
100;-4.34;2.97;2.66;2.46;-0.36;0.94
101;-4.05;3.09;1.91;2.22;-0.23;1.40
102;-3.33;2.75;1.40;2.00;0.28;1.86
103;-2.09;2.49;1.14;1.76;1.10;2.32
104;-1.03;2.01;0.79;1.51;1.95;2.74
105;0.11;1.72;0.43;1.18;2.56;3.06
106;1.18;1.20;0.16;0.78;3.02;3.31
107;2.16;0.66;0.04;0.31;3.15;3.47
108;3.37;0.05;0.27;-0.19;3.28;3.53
109;4.38;-0.24;1.01;-0.69;3.43;3.50
110;5.08;-0.80;2.55;-1.19;3.35;3.36
111;6.31;-1.12;4.95;-1.56;3.27;3.16
112;7.38;-1.37;7.55;-1.79;3.15;2.90
113;8.61;-1.21;10.08;-1.87;2.93;2.56
114;9.64;-1.28;11.60;-1.84;2.55;2.14
115;10.66;-1.39;11.86;-1.74;2.22;1.69
116;10.79;-1.55;10.44;-1.66;2.00;1.18
117;10.50;-1.56;8.93;-1.73;1.54;0.64
118;10.75;-1.87;8.75;-1.89;0.96;0.12
119;10.47;-2.33;8.83;-1.98;0.69;-0.38



 Movement
0;1.97;-3.95;17.25;0.99;-1.79;-3.63
1;0.57;-3.87;15.79;1.20;-2.20;-3.63
2;-1.31;-2.89;13.54;1.36;-2.11;-3.48
3;-2.46;-1.97;12.26;1.43;-1.76;-3.22
4;-3.22;-0.88;13.28;1.48;-1.56;-2.92
5;-3.52;-0.80;14.70;1.66;-1.51;-2.65
6;-4.58;-0.54;14.09;1.92;-1.55;-2.35
7;-5.16;0.36;12.95;2.14;-1.42;-1.95
8;-5.62;0.49;10.99;2.37;-0.92;-1.46
9;-6.57;1.17;7.98;2.50;-0.43;-0.89
10;-6.49;2.44;6.05;2.41;-0.25;-0.30
11;-5.28;2.63;5.76;2.27;0.13;0.24
12;-4.42;2.36;5.51;2.18;0.52;0.71
13;-4.25;2.75;4.25;2.05;0.58;1.14
14;-3.78;3.32;3.39;1.81;0.56;1.55
15;-3.07;3.15;3.51;1.57;0.63;1.94
16;-2.09;2.73;3.84;1.39;0.82;2.28
17;-1.16;2.40;3.65;1.23;1.05;2.59
18;0.24;2.04;3.27;1.06;1.40;2.87
19;1.30;1.51;2.77;0.84;1.78;3.09
20;3.12;0.79;2.81;0.57;2.02;3.22
21;4.54;0.09;2.21;0.33;2.58;3.27
22;5.08;0.41;1.10;-0.04;2.82;3.22
23;5.53;0.00;1.32;-0.58;2.60;3.08
24;5.83;-0.61;2.07;-1.06;1.99;2.89
25;6.20;-1.29;1.98;-1.45;1.55;2.71
26;6.75;-1.62;1.79;-1.83;1.71;2.57
27;9.21;-2.21;4.31;-2.20;2.16;2.39
28;10.79;-2.71;7.54;-2.34;2.81;2.00
29;11.85;-1.45;11.10;-2.45;2.17;1.47
30;14.94;-1.92;14.37;-2.32;1.46;0.88
31;16.27;-1.96;14.68;-1.96;1.59;0.15
32;15.05;-2.11;12.20;-1.78;1.03;-0.64
33;13.81;-2.90;8.83;-1.79;0.34;-1.35
34;11.54;-3.49;5.96;-2.00;0.03;-1.93
35;9.52;-3.80;5.63;-2.39;-0.57;-2.35
36;8.53;-4.12;8.47;-2.74;-1.18;-2.64
37;8.10;-4.30;13.11;-2.87;-1.68;-2.86
38;8.17;-4.31;17.92;-2.71;-1.99;-3.03
39;8.36;-4.05;21.55;-2.26;-1.90;-3.15
40;8.43;-4.26;23.77;-1.62;-1.56;-3.28
41;7.21;-4.37;24.28;-0.90;-1.37;-3.42
42;5.23;-4.58;22.73;-0.19;-1.38;-3.52
43;3.43;-4.58;19.73;0.40;-1.22;-3.48
44;2.33;-4.26;18.37;0.83;-0.97;-3.35
45;1.43;-4.27;17.49;1.24;-0.57;-3.18
46;0.70;-4.40;17.16;1.63;-0.35;-3.01
47;-0.32;-3.78;16.25;2.02;-0.43;-2.84
48;-0.89;-3.15;14.78;2.33;-0.47;-2.62
49;-1.55;-2.50;12.88;2.59;-0.25;-2.36
50;-2.25;-1.71;10.91;2.77;0.08;-2.05
51;-3.01;-0.58;9.52;2.85;0.17;-1.75
52;-3.26;0.18;8.82;2.85;0.15;-1.42
53;-3.80;0.69;7.88;2.86;0.16;-1.09
54;-4.59;1.39;6.30;2.81;0.01;-0.73
55;-5.28;2.44;4.55;2.68;-0.11;-0.31
56;-5.60;3.04;2.88;2.48;-0.07;0.16
57;-5.63;3.19;1.29;2.22;0.05;0.65
58;-5.44;3.49;-0.22;1.89;0.26;1.15
59;-4.45;3.43;-1.56;1.52;0.77;1.67
60;-3.34;3.17;-2.86;1.10;1.76;2.18
61;-3.22;2.86;-4.08;0.54;2.53;2.63
62;-2.68;2.33;-3.65;-0.19;2.45;2.99
63;-1.06;1.09;-1.52;-0.86;2.28;3.27
64;0.88;-0.10;1.51;-1.34;2.42;3.47
65;2.21;-0.88;4.50;-1.65;2.66;3.55
66;3.19;-1.49;6.96;-1.82;2.56;3.53
67;5.17;-1.97;8.67;-1.85;2.68;3.47
68;6.80;-1.50;10.00;-1.82;3.24;3.30
69;7.89;-1.66;11.88;-1.84;3.14;2.98
70;9.37;-1.93;13.03;-1.74;2.63;2.55
71;11.27;-1.57;13.05;-1.62;2.30;2.05
72;13.75;-2.02;13.06;-1.46;2.54;1.46
73;14.48;-1.72;13.13;-1.40;2.19;0.70
74;15.43;-2.36;13.20;-1.36;1.24;-0.20
75;14.37;-2.44;12.31;-1.35;0.33;-1.07
76;12.65;-2.71;12.51;-1.42;-0.38;-1.79
77;11.43;-3.36;14.58;-1.41;-0.90;-2.37
78;9.56;-3.59;16.01;-1.25;-1.29;-2.86
79;7.72;-3.59;16.35;-1.05;-1.63;-3.23
80;5.72;-3.36;16.54;-0.87;-1.80;-3.47
81;4.04;-3.23;17.68;-0.68;-2.05;-3.60
82;2.60;-3.20;19.33;-0.39;-2.18;-3.65
83;1.40;-3.13;20.74;0.02;-2.18;-3.61
84;0.26;-3.01;20.52;0.54;-2.00;-3.48
85;-0.58;-2.89;19.19;1.03;-1.65;-3.26
86;-1.51;-2.55;17.21;1.45;-1.29;-2.99
87;-2.37;-1.98;15.03;1.76;-1.12;-2.72
88;-3.05;-1.16;13.47;1.92;-1.11;-2.44
89;-3.03;-0.65;13.70;2.04;-1.22;-2.18
90;-3.32;-0.69;13.66;2.21;-1.38;-1.95
91;-3.70;-0.30;12.18;2.37;-1.47;-1.70
92;-4.12;0.52;10.54;2.47;-1.44;-1.39
93;-4.10;1.07;9.14;2.53;-1.19;-1.03
94;-4.36;1.40;7.47;2.56;-0.78;-0.64
95;-4.58;1.84;5.49;2.49;-0.65;-0.23
96;-4.06;2.53;3.84;2.32;-0.57;0.16
97;-3.19;3.01;2.61;2.11;-0.16;0.55
98;-2.31;3.02;1.73;1.89;0.65;0.94
99;-2.31;3.27;0.81;1.60;1.32;1.32
100;-2.52;3.37;-0.02;1.22;1.43;1.68
101;-2.22;3.25;-0.82;0.79;1.32;2.04
102;-1.65;2.77;-1.63;0.33;1.40;2.40
103;-0.10;2.04;-1.64;-0.15;1.78;2.73
104;0.82;1.07;-0.98;-0.63;2.34;2.97
105;1.72;0.55;0.60;-1.11;2.53;3.10
106;3.13;-0.50;2.53;-1.45;2.80;3.16
107;4.13;-1.03;4.21;-1.73;3.17;3.13
108;5.20;-1.40;5.04;-1.96;3.26;3.00
109;5.94;-1.47;5.29;-2.24;2.99;2.74
110;7.33;-2.70;5.46;-2.52;2.64;2.41
111;7.77;-2.44;6.96;-2.81;2.41;2.02
112;9.68;-2.74;11.10;-2.98;1.91;1.58
113;11.81;-2.37;14.94;-2.77;1.77;1.04
114;12.92;-1.66;17.62;-2.50;1.18;0.36
115;13.53;-1.92;19.49;-2.11;0.51;-0.36
116;12.56;-2.12;18.31;-1.61;0.13;-1.02
117;11.36;-2.20;16.41;-1.29;-0.11;-1.56
118;10.88;-2.55;16.76;-1.06;-0.30;-2.05
119;10.63;-2.70;18.73;-0.77;-0.56;-2.53



 Movement
0;-4.20;2.61;1.15;2.55;0.16;1.07
1;-3.60;2.81;0.56;2.17;0.46;1.50
2;-3.13;2.94;0.27;1.81;0.83;1.90
3;-2.49;2.80;0.14;1.45;1.13;2.30
4;-1.86;2.36;-0.09;1.09;1.39;2.66
5;-1.43;2.01;-0.39;0.68;1.52;3.00
6;-0.70;1.40;-0.21;0.22;1.43;3.29
7;0.25;0.58;-0.03;-0.18;1.47;3.53
8;1.74;-0.06;0.42;-0.56;1.95;3.73
9;3.04;-0.93;1.33;-0.95;2.59;3.84
10;4.17;-1.66;2.47;-1.31;3.06;3.83
11;5.68;-1.92;3.89;-1.66;3.23;3.70
12;7.08;-2.40;5.23;-1.95;3.37;3.44
13;7.72;-2.58;6.46;-2.20;3.32;3.04
14;8.10;-3.00;6.67;-2.39;3.08;2.61
15;7.98;-2.87;6.45;-2.61;2.91;2.21
16;9.81;-2.32;9.99;-2.90;2.36;1.82
17;13.04;-2.43;16.33;-2.92;1.58;1.26
18;15.67;-3.04;21.24;-2.42;1.32;0.48
19;15.38;-2.51;21.41;-1.79;0.83;-0.35
20;14.59;-3.07;19.03;-1.25;0.66;-1.10
21;13.12;-3.77;15.91;-0.84;0.91;-1.74
22;10.62;-3.89;12.62;-0.64;0.70;-2.31
23;9.14;-4.11;11.18;-0.68;0.16;-2.78
24;8.71;-4.68;12.15;-0.72;-0.06;-3.17
25;8.15;-4.75;13.44;-0.62;-0.12;-3.54
26;7.08;-4.83;14.31;-0.53;-0.52;-3.90
27;5.58;-5.26;14.93;-0.44;-0.97;-4.20
28;3.67;-4.79;15.80;-0.31;-1.37;-4.38
29;1.79;-4.93;16.47;-0.09;-1.40;-4.43
30;0.25;-4.38;16.86;0.16;-1.41;-4.35
31;-0.76;-4.15;17.08;0.47;-1.22;-4.16
32;-1.55;-3.43;17.58;0.78;-1.19;-3.92
33;-1.74;-3.06;18.82;1.12;-1.21;-3.69
34;-2.92;-2.94;19.40;1.54;-1.32;-3.48
35;-4.20;-2.54;17.99;1.98;-1.48;-3.21
36;-5.07;-1.62;15.84;2.34;-1.51;-2.84
37;-5.58;-1.21;13.95;2.61;-1.19;-2.42
38;-6.34;-0.70;11.58;2.83;-0.91;-1.95
39;-6.68;0.25;9.36;2.91;-0.81;-1.44
40;-6.20;0.63;8.09;2.88;-0.64;-0.91
41;-5.75;1.18;7.46;2.84;-0.45;-0.40
42;-5.11;1.37;6.87;2.78;-0.35;0.07
43;-4.78;1.93;5.92;2.69;-0.44;0.52
44;-3.78;2.45;5.11;2.57;-0.49;0.93
45;-2.96;2.38;4.16;2.45;-0.27;1.32
46;-2.43;2.42;2.89;2.28;-0.04;1.66
47;-1.88;2.49;1.51;2.02;0.08;1.97
48;-1.27;2.73;0.52;1.67;0.06;2.24
49;-0.08;1.86;-0.20;1.32;0.30;2.49
50;0.45;1.79;-1.29;0.95;0.85;2.71
51;1.33;1.14;-2.86;0.52;1.59;2.94
52;1.64;0.83;-4.33;-0.07;2.26;3.13
53;1.58;0.76;-4.57;-0.85;2.30;3.23
54;3.40;-0.41;-2.43;-1.63;2.06;3.25
55;4.76;-2.15;0.01;-2.13;2.61;3.18
56;4.23;-2.33;1.50;-2.56;2.74;3.02
57;4.63;-2.44;3.16;-2.97;2.30;2.87
58;6.47;-2.60;6.64;-3.29;1.81;2.70
59;9.63;-2.93;11.93;-3.32;1.62;2.40
60;11.74;-2.91;15.52;-3.01;1.66;1.91
61;12.83;-2.36;16.51;-2.61;1.43;1.32
62;13.74;-2.90;15.43;-2.23;1.28;0.70
63;13.36;-2.46;14.20;-2.02;1.02;0.08
64;13.54;-3.12;14.56;-1.85;0.65;-0.53
65;13.04;-3.10;15.33;-1.60;0.56;-1.10
66;13.07;-3.50;16.17;-1.31;0.50;-1.63
67;12.56;-3.78;16.00;-0.97;0.48;-2.18
68;11.31;-3.88;14.52;-0.72;0.14;-2.69
69;9.93;-4.00;12.55;-0.55;0.02;-3.12
70;7.81;-3.70;10.73;-0.54;-0.33;-3.46
71;6.20;-3.46;10.64;-0.63;-0.74;-3.72
72;4.42;-3.04;12.13;-0.69;-1.04;-3.87
73;2.61;-2.58;14.31;-0.66;-1.41;-3.91
74;1.34;-2.07;16.46;-0.48;-1.53;-3.81
75;0.42;-1.75;18.00;-0.13;-1.25;-3.57
76;-0.68;-1.39;18.21;0.32;-0.92;-3.25
77;-1.41;-0.68;17.04;0.74;-0.78;-2.91
78;-1.90;0.15;15.55;1.08;-0.46;-2.57
79;-1.94;0.75;15.68;1.31;-0.42;-2.24
80;-1.38;0.38;16.46;1.59;-0.28;-1.96
81;-1.97;0.07;16.44;1.94;-0.23;-1.70
82;-2.52;-0.10;14.75;2.29;-0.33;-1.40
83;-2.82;0.44;12.51;2.48;-0.45;-1.11
84;-3.21;0.80;10.85;2.56;-0.47;-0.82
85;-3.45;0.71;9.84;2.59;-0.63;-0.56
86;-3.75;0.63;8.37;2.58;-0.94;-0.29
87;-4.74;1.23;6.14;2.47;-1.52;0.02
88;-4.79;1.56;4.46;2.26;-1.99;0.37
89;-5.33;1.82;2.81;2.05;-1.98;0.81
90;-5.64;2.28;1.40;1.79;-1.88;1.31
91;-5.25;1.98;0.37;1.53;-1.55;1.85
92;-3.60;0.89;-0.79;1.28;-0.85;2.40
93;-1.46;0.35;-2.25;1.06;0.87;2.94
94;-0.58;-0.32;-4.03;0.64;2.52;3.41
95;-0.01;-1.00;-5.32;-0.02;3.21;3.75
96;1.19;-1.64;-5.11;-0.86;2.91;3.92
97;2.23;-2.84;-3.99;-1.69;2.29;3.94
98;4.20;-4.53;-1.08;-2.33;2.28;3.84
99;4.76;-5.30;2.15;-2.78;2.29;3.67
100;5.74;-5.41;5.77;-3.09;1.75;3.48
101;8.60;-6.32;9.31;-3.12;1.54;3.23
102;10.58;-6.11;11.61;-2.99;1.47;2.84
103;12.77;-6.55;12.21;-2.74;1.58;2.36
104;14.49;-5.91;11.98;-2.57;1.40;1.77
105;16.72;-6.48;13.57;-2.47;1.05;1.04
106;17.33;-6.52;15.09;-2.17;0.96;0.21
107;17.03;-6.51;15.89;-1.90;0.44;-0.61
108;16.71;-7.03;15.97;-1.54;0.35;-1.36
109;15.88;-7.33;15.11;-1.19;0.51;-2.05
110;13.84;-7.44;13.89;-0.96;0.27;-2.68
111;11.88;-7.49;12.84;-0.82;-0.21;-3.21
112;9.64;-7.44;11.97;-0.72;-0.35;-3.59
113;7.63;-7.16;11.71;-0.65;-0.39;-3.82
114;7.50;-7.20;12.72;-0.54;-0.14;-3.95
115;6.28;-6.75;12.79;-0.38;-0.19;-4.09
116;4.47;-5.98;12.67;-0.32;-0.55;-4.20
117;2.39;-5.05;12.95;-0.25;-0.73;-4.16
118;1.55;-4.05;13.80;-0.09;-0.43;-3.96
119;0.55;-3.22;14.29;0.12;-0.20;-3.73



 Movement
0;2.10;2.38;-0.86;1.83;2.15;2.42
1;2.66;2.44;-1.92;1.29;2.00;2.49
2;2.70;2.19;-2.30;0.65;1.48;2.49
3;3.09;1.41;-3.15;0.11;1.09;2.51
4;4.25;1.26;-4.43;-0.38;1.78;2.60
5;4.45;0.73;-5.10;-1.03;2.79;2.62
6;3.70;-0.13;-4.41;-1.81;2.94;2.53
7;4.28;-1.03;-1.70;-2.51;2.62;2.42
8;4.01;-1.60;1.34;-3.04;2.44;2.31
9;4.65;-2.69;5.67;-3.36;2.08;2.20
10;5.68;-3.52;8.83;-3.35;2.37;2.04
11;6.29;-2.74;12.53;-3.27;2.59;1.78
12;7.07;-3.00;17.38;-3.02;2.49;1.48
13;8.52;-1.94;22.16;-2.47;2.02;1.14
14;9.80;-1.53;24.89;-1.73;1.62;0.70
15;10.52;-1.38;24.74;-0.91;1.38;0.21
16;10.32;-1.88;21.70;-0.17;1.31;-0.25
17;10.23;-2.07;17.33;0.35;1.23;-0.67
18;9.78;-2.00;12.94;0.58;1.16;-1.11
19;9.71;-2.22;10.64;0.52;0.53;-1.63
20;9.47;-2.17;10.67;0.38;0.01;-2.16
21;8.22;-2.05;12.48;0.28;-0.62;-2.65
22;6.48;-1.79;14.21;0.29;-1.23;-3.09
23;4.84;-1.74;15.54;0.38;-1.57;-3.40
24;2.26;-1.57;15.92;0.52;-1.97;-3.62
25;0.49;-1.27;16.31;0.63;-2.46;-3.74
26;-1.50;-0.95;16.31;0.76;-2.76;-3.74
27;-3.43;-0.94;15.86;0.91;-2.98;-3.62
28;-5.09;-0.04;14.92;1.06;-3.05;-3.35
29;-5.97;0.52;14.50;1.20;-2.80;-2.96
30;-6.73;1.06;14.28;1.42;-2.26;-2.50
31;-7.60;1.65;14.19;1.65;-1.86;-1.98
32;-7.96;1.46;13.61;1.93;-1.51;-1.44
33;-8.55;2.15;11.59;2.17;-1.46;-0.86
34;-8.15;2.84;9.11;2.30;-1.40;-0.25
35;-7.18;3.05;6.78;2.35;-1.04;0.36
36;-5.33;2.60;4.87;2.34;-0.37;0.95
37;-3.85;2.28;2.67;2.29;0.87;1.50
38;-2.91;2.21;0.61;2.05;1.70;1.98
39;-1.57;1.88;-0.88;1.64;2.09;2.39
40;-0.16;1.37;-1.84;1.12;2.37;2.69
41;1.05;1.03;-2.62;0.54;2.67;2.90
42;2.15;0.80;-3.06;-0.09;3.03;3.02
43;2.80;-0.23;-3.11;-0.80;3.07;3.01
44;3.81;-1.07;-3.06;-1.49;3.25;2.92
45;3.74;-1.69;-2.98;-2.20;3.52;2.78
46;3.29;-2.66;-1.43;-2.92;3.40;2.60
47;4.51;-3.39;3.67;-3.57;2.73;2.38
48;7.21;-4.93;9.73;-3.75;2.60;2.08
49;8.30;-4.16;14.42;-3.59;2.40;1.63
50;9.60;-4.09;17.92;-3.33;1.41;1.09
51;9.74;-3.41;20.45;-2.87;0.91;0.52
52;8.88;-2.71;23.14;-2.30;0.61;0.03
53;8.60;-2.63;24.47;-1.48;0.85;-0.30
54;10.35;-2.51;24.13;-0.64;1.41;-0.60
55;11.08;-2.76;23.10;0.03;1.30;-1.10
56;10.64;-3.10;22.08;0.54;0.36;-1.80
57;8.26;-3.27;20.90;0.97;-0.60;-2.44
58;5.89;-3.32;19.77;1.33;-1.18;-2.87
59;3.89;-3.30;18.42;1.70;-1.23;-3.16
60;1.42;-2.87;16.79;1.98;-1.33;-3.34
61;-0.94;-2.52;15.43;2.14;-1.63;-3.47
62;-3.33;-2.07;14.86;2.19;-2.18;-3.49
63;-5.33;-1.58;14.46;2.26;-2.58;-3.38
64;-6.92;-0.82;13.41;2.32;-2.92;-3.14
65;-7.78;0.32;12.74;2.35;-3.05;-2.80
66;-8.10;1.11;12.16;2.45;-2.71;-2.35
67;-8.50;1.64;11.46;2.62;-1.93;-1.80
68;-9.31;2.43;10.60;2.78;-1.24;-1.16
69;-9.46;2.71;9.28;2.92;-0.74;-0.48
70;-9.11;2.63;7.34;2.99;-0.35;0.19
71;-8.45;2.69;4.99;2.94;-0.03;0.84
72;-7.12;2.41;2.79;2.77;0.31;1.45
73;-5.69;2.19;0.74;2.49;0.66;1.99
74;-3.29;1.64;-1.29;2.10;1.11;2.45
75;0.15;1.36;-2.54;1.68;2.48;2.80
76;1.69;1.70;-3.17;1.10;3.84;2.97
77;2.33;1.83;-3.08;0.37;4.10;2.94
78;2.49;1.24;-3.22;-0.40;3.47;2.81
79;3.09;0.17;-3.69;-1.20;2.72;2.69
80;4.72;-1.35;-3.91;-1.94;2.85;2.60
81;5.69;-2.61;-3.90;-2.63;3.63;2.39
82;5.91;-4.03;-2.01;-3.43;3.73;1.97
83;6.20;-5.32;0.70;-4.07;3.35;1.47
84;5.86;-4.84;4.96;-4.58;2.42;0.99
85;7.44;-6.33;10.11;-4.84;1.18;0.57
86;8.59;-5.45;14.41;-4.70;0.66;0.12
87;10.54;-5.66;18.79;-4.42;0.07;-0.44
88;10.87;-4.75;23.31;-3.87;-0.22;-1.05
89;11.29;-4.57;26.59;-3.17;-1.01;-1.64
90;10.48;-4.75;26.50;-2.31;-1.09;-2.17
91;9.28;-4.69;24.76;-1.58;-1.11;-2.60
92;8.83;-5.16;23.87;-1.01;-1.24;-3.00
93;8.02;-5.25;23.42;-0.55;-1.64;-3.44
94;5.62;-5.01;25.28;-0.05;-2.10;-3.82
95;3.08;-4.76;26.46;0.54;-2.44;-4.05
96;0.38;-4.59;25.85;1.21;-2.50;-4.11
97;-2.33;-4.19;23.85;1.85;-2.34;-3.99
98;-4.40;-4.23;21.24;2.41;-2.10;-3.70
99;-6.29;-3.85;17.25;2.90;-1.83;-3.29
100;-7.41;-2.36;13.03;3.14;-1.75;-2.79
101;-7.47;-0.85;10.12;3.20;-1.56;-2.26
102;-7.34;0.28;8.71;3.18;-1.21;-1.74
103;-7.12;1.16;8.24;3.15;-0.95;-1.23
104;-6.53;1.64;7.98;3.18;-0.57;-0.70
105;-6.31;1.82;7.35;3.22;-0.11;-0.16
106;-6.27;1.76;6.14;3.24;0.24;0.41
107;-6.12;1.78;4.08;3.18;0.38;0.99
108;-5.65;1.92;1.58;2.97;0.33;1.56
109;-3.64;1.83;-0.57;2.64;0.45;2.08
110;-1.00;1.58;-2.09;2.26;1.35;2.51
111;1.36;1.24;-3.03;1.78;2.58;2.81
112;3.33;0.88;-3.49;1.23;3.85;2.94
113;3.50;1.02;-3.98;0.56;4.40;2.90
114;3.01;0.42;-4.33;-0.29;4.02;2.75
115;3.16;-0.21;-4.33;-1.17;3.35;2.60
116;3.68;-1.25;-3.38;-1.96;3.44;2.50
117;4.59;-3.13;-1.35;-2.65;3.85;2.37
118;4.77;-3.34;1.75;-3.22;4.24;2.10
119;5.55;-4.21;5.53;-3.60;4.00;1.70



 Movement
0;3.69;-2.44;21.93;-0.40;-1.20;-3.22
1;1.07;-1.83;23.85;0.16;-1.56;-3.39
2;-0.66;-1.52;24.90;0.81;-1.83;-3.43
3;-1.63;-1.78;24.99;1.54;-1.83;-3.36
4;-2.82;-2.18;23.36;2.34;-1.39;-3.15
5;-3.98;-2.25;20.37;3.04;-1.07;-2.88
6;-4.61;-2.11;17.47;3.51;-1.12;-2.62
7;-4.51;-1.72;15.92;3.84;-1.10;-2.38
8;-4.37;-1.79;14.49;4.16;-0.93;-2.15
9;-5.59;-2.17;12.15;4.41;-1.00;-1.91
10;-6.78;-1.84;9.36;4.47;-1.59;-1.66
11;-7.61;-1.34;6.14;4.39;-2.02;-1.37
12;-9.31;0.79;2.36;4.10;-2.47;-1.00
13;-10.17;2.65;-0.35;3.59;-3.06;-0.51
14;-10.06;3.48;-1.70;3.06;-2.98;0.08
15;-9.36;4.10;-2.10;2.55;-2.22;0.77
16;-8.55;3.97;-2.38;2.13;-0.84;1.54
17;-7.51;4.44;-2.78;1.68;0.67;2.36
18;-5.64;3.15;-2.80;1.17;2.11;3.10
19;-2.75;2.16;-3.07;0.65;3.77;3.68
20;-0.31;0.99;-3.86;0.03;6.00;4.06
21;-0.20;-0.26;-5.34;-0.86;7.36;4.16
22;0.12;-1.23;-5.03;-2.04;6.99;4.00
23;1.15;-3.66;-3.39;-3.20;5.56;3.65
24;3.29;-4.76;1.40;-4.17;4.50;3.20
25;6.25;-7.16;9.02;-4.60;4.52;2.69
26;6.75;-4.88;17.01;-4.60;3.70;2.07
27;11.63;-5.42;24.08;-4.11;2.07;1.34
28;13.73;-3.32;25.32;-3.20;1.70;0.42
29;13.41;-2.56;23.15;-2.47;0.88;-0.49
30;12.39;-2.01;18.96;-1.82;0.69;-1.20
31;10.81;-1.82;15.19;-1.50;0.52;-1.78
32;9.90;-2.18;14.35;-1.38;-0.03;-2.37
33;8.80;-2.21;17.40;-1.35;-1.16;-2.94
34;6.95;-2.19;22.42;-1.12;-2.07;-3.45
35;4.33;-1.77;26.86;-0.62;-2.54;-3.77
36;2.43;-1.75;29.19;0.13;-2.39;-3.86
37;0.62;-1.64;28.48;1.01;-1.63;-3.75
38;0.22;-2.36;26.41;1.84;-0.93;-3.56
39;-0.00;-2.54;23.54;2.57;-0.63;-3.41
40;-0.14;-2.60;21.17;3.07;-1.07;-3.39
41;-1.56;-2.66;19.39;3.50;-1.37;-3.39
42;-3.12;-3.28;17.86;3.88;-1.75;-3.32
43;-4.59;-5.26;14.92;4.32;-1.65;-3.14
44;-7.27;-4.65;10.02;4.54;-1.76;-2.83
45;-8.79;-3.83;6.09;4.43;-2.05;-2.46
46;-9.56;-2.63;3.16;4.20;-1.94;-2.01
47;-11.49;0.63;0.88;3.82;-1.69;-1.47
48;-12.58;3.11;-0.72;3.26;-1.81;-0.84
49;-12.47;4.14;-0.78;2.76;-1.52;-0.13
50;-12.84;5.41;-1.28;2.33;-0.89;0.68
51;-12.64;5.87;-1.18;1.86;-0.35;1.55
52;-11.26;5.32;0.01;1.43;0.24;2.43
53;-9.13;3.88;1.43;1.10;0.97;3.26
54;-6.54;2.58;2.33;0.85;1.84;3.98
55;-4.42;1.06;2.49;0.57;2.65;4.56
56;-0.68;-0.82;2.90;0.24;3.35;4.99
57;3.84;-3.29;2.53;-0.00;5.43;5.25
58;6.66;-3.17;1.03;-0.44;8.02;5.14
59;5.25;-2.32;0.85;-1.42;8.12;4.51
60;6.15;-3.40;1.79;-2.37;6.14;3.72
61;7.05;-3.81;1.29;-3.06;5.55;3.04
62;6.70;-4.03;3.60;-3.72;5.60;2.40
63;7.31;-3.14;9.92;-4.14;4.88;1.72
64;9.82;-2.60;17.99;-4.07;3.82;0.94
65;10.47;-1.31;25.79;-3.62;2.05;-0.03
66;11.25;-1.02;30.04;-2.65;0.91;-0.89
67;9.77;0.69;28.39;-1.57;0.36;-1.51
68;9.96;0.01;25.17;-0.75;-0.03;-2.11
69;9.41;-0.63;22.35;-0.06;0.02;-2.71
70;8.06;-1.97;20.42;0.39;-0.63;-3.31
71;7.32;-3.09;19.53;0.74;-1.28;-3.85
72;5.39;-3.68;18.23;1.07;-1.70;-4.31
73;2.93;-3.77;16.73;1.24;-2.35;-4.69
74;0.42;-3.42;16.23;1.29;-2.97;-4.92
75;-2.55;-2.91;16.61;1.34;-3.44;-5.00
76;-5.28;-2.46;17.71;1.42;-3.81;-4.91
77;-7.30;-1.42;18.77;1.66;-3.80;-4.66
78;-8.88;-0.46;18.69;2.05;-3.34;-4.25
79;-10.29;0.54;18.59;2.41;-3.02;-3.76
80;-10.89;0.87;18.99;2.83;-2.67;-3.25
81;-11.37;0.82;18.86;3.33;-2.40;-2.73
82;-10.98;0.44;17.26;3.80;-2.07;-2.19
83;-10.16;0.17;15.17;4.27;-1.51;-1.62
84;-9.25;-0.35;12.10;4.67;-0.84;-1.04
85;-8.61;-1.32;7.74;4.92;0.02;-0.44
86;-8.63;0.13;3.49;4.91;0.51;0.12
87;-7.99;1.89;0.37;4.61;0.65;0.68
88;-6.62;3.01;-1.51;4.18;0.80;1.18
89;-5.09;3.81;-2.75;3.69;1.16;1.62
90;-3.47;4.22;-3.76;3.17;1.47;1.97
91;-2.79;4.52;-5.65;2.62;1.79;2.26
92;-2.77;5.88;-7.75;1.88;1.70;2.51
93;-1.98;6.05;-8.79;1.04;1.62;2.74
94;-1.13;4.94;-9.83;0.18;1.66;2.95
95;2.10;3.61;-10.77;-0.60;2.67;3.16
96;5.03;2.00;-12.86;-1.43;4.96;3.19
97;5.20;0.66;-13.15;-2.64;6.48;2.79
98;3.31;-1.39;-9.60;-4.07;5.37;2.08
99;1.83;-2.06;-2.75;-5.17;3.17;1.59
100;5.14;-3.81;5.06;-5.57;2.05;1.44
101;6.55;-3.14;9.90;-5.40;2.51;1.20
102;8.52;-3.12;13.75;-5.27;1.29;0.65
103;10.53;-1.03;19.60;-5.04;-0.16;-0.08
104;12.48;-0.82;26.54;-4.29;-0.32;-0.74
105;12.04;0.90;29.58;-3.11;0.14;-1.26
106;13.68;1.03;28.51;-1.99;0.09;-1.78
107;13.69;-0.37;24.28;-1.11;-0.02;-2.48
108;11.34;-1.12;18.65;-0.63;-1.02;-3.21
109;8.34;-1.71;13.52;-0.47;-1.52;-3.70
110;4.77;-1.40;11.43;-0.56;-1.71;-3.91
111;3.34;-0.83;14.68;-0.63;-1.77;-3.93
112;1.80;-0.18;19.80;-0.44;-2.04;-3.93
113;0.64;0.41;23.80;0.08;-2.05;-3.87
114;-0.76;0.22;25.86;0.81;-1.66;-3.73
115;-2.98;0.48;25.04;1.66;-1.37;-3.53
116;-5.26;0.61;21.43;2.38;-1.39;-3.30
117;-6.90;0.99;17.33;2.88;-1.30;-2.99
118;-8.33;1.52;14.85;3.20;-1.19;-2.61
119;-8.72;1.54;14.61;3.43;-1.32;-2.20



 Movement
0;-1.70;-0.65;19.44;2.62;-0.22;-2.97
1;-2.47;-1.18;18.52;2.98;-0.90;-2.94
2;-3.46;-1.57;15.47;3.24;-1.42;-2.88
3;-5.13;-0.78;11.97;3.32;-1.75;-2.78
4;-7.33;0.39;9.60;3.22;-2.10;-2.59
5;-9.28;1.94;8.10;3.07;-2.28;-2.32
6;-10.96;3.34;8.40;2.92;-2.35;-1.92
7;-11.30;3.63;9.94;2.95;-2.00;-1.39
8;-11.85;3.30;10.11;3.17;-1.24;-0.76
9;-12.40;3.45;8.12;3.41;-0.53;-0.03
10;-11.97;3.57;4.50;3.51;0.13;0.73
11;-11.16;3.59;0.33;3.38;0.84;1.50
12;-9.40;3.81;-3.05;3.00;1.49;2.25
13;-7.56;3.76;-5.30;2.42;1.95;2.90
14;-5.42;3.10;-6.24;1.72;2.01;3.39
15;-3.44;2.48;-6.97;0.98;1.90;3.74
16;-0.45;1.10;-7.74;0.25;2.10;4.01
17;3.53;-0.73;-8.64;-0.45;3.38;4.17
18;6.37;-2.18;-10.10;-1.33;4.87;4.01
19;8.78;-3.71;-10.82;-2.48;5.38;3.46
20;10.38;-5.44;-11.30;-3.73;5.13;2.66
21;10.89;-8.15;-11.20;-4.97;4.45;1.76
22;11.03;-10.19;-7.86;-6.22;3.20;0.85
23;11.37;-12.92;-0.76;-7.10;2.22;-0.00
24;10.74;-12.42;11.55;-7.53;0.81;-0.80
25;13.23;-13.49;25.90;-7.04;-0.19;-1.44
26;13.03;-8.96;35.40;-5.74;-0.47;-2.01
27;14.21;-7.29;39.77;-4.19;-0.85;-2.60
28;12.55;-5.62;37.00;-2.48;-0.37;-3.12
29;10.76;-5.27;30.57;-1.25;-0.57;-3.60
30;8.80;-5.34;25.54;-0.41;-0.68;-3.99
31;7.48;-5.14;23.88;0.11;-1.13;-4.32
32;5.74;-5.13;25.34;0.64;-1.69;-4.61
33;2.24;-4.50;27.05;1.27;-1.96;-4.78
34;-0.48;-4.11;26.19;1.98;-1.84;-4.74
35;-3.62;-3.70;24.55;2.66;-1.77;-4.52
36;-5.45;-3.49;21.53;3.25;-1.73;-4.16
37;-6.79;-2.67;17.53;3.70;-1.65;-3.72
38;-7.83;-2.02;13.44;3.85;-2.29;-3.34
39;-7.91;-0.91;9.46;3.83;-2.98;-3.03
40;-8.06;0.79;6.01;3.63;-3.26;-2.70
41;-8.48;2.25;4.44;3.33;-3.19;-2.28
42;-8.19;3.00;4.36;3.11;-2.53;-1.77
43;-9.47;3.08;4.02;3.05;-1.42;-1.10
44;-11.48;3.94;2.86;2.91;-0.92;-0.33
45;-11.36;4.39;1.60;2.75;-0.33;0.48
46;-11.58;4.64;-0.22;2.51;0.39;1.34
47;-11.01;4.07;-1.73;2.17;1.05;2.21
48;-9.37;3.06;-3.03;1.72;1.57;3.06
49;-7.92;2.24;-3.71;1.10;1.80;3.77
50;-5.11;0.46;-3.04;0.44;1.78;4.34
51;-2.09;-1.25;-2.29;-0.12;2.13;4.76
52;1.61;-2.86;-1.82;-0.60;3.35;5.02
53;3.20;-4.41;-2.82;-1.19;4.58;5.05
54;4.70;-5.90;-3.34;-1.97;5.14;4.84
55;6.19;-7.55;-2.68;-2.90;5.00;4.45
56;9.78;-8.49;1.09;-3.61;6.01;4.02
57;12.96;-10.03;7.45;-4.10;7.08;3.36
58;15.93;-9.71;14.28;-4.23;6.96;2.37
59;21.49;-9.96;21.08;-4.11;4.66;0.90
60;25.67;-9.84;22.08;-3.52;2.99;-0.85
61;22.77;-8.87;18.12;-3.11;1.38;-2.59
62;17.77;-8.22;18.41;-3.14;-0.89;-3.88
63;15.17;-9.39;24.72;-2.98;-2.65;-4.75
64;10.32;-8.99;29.44;-2.26;-3.03;-5.39
65;5.59;-7.85;30.98;-1.44;-3.39;-5.66
66;2.82;-7.03;30.14;-0.54;-3.23;-5.61
67;1.51;-6.91;27.38;0.35;-2.57;-5.41
68;0.08;-6.00;22.59;1.05;-2.30;-5.22
69;-2.42;-4.94;18.02;1.39;-2.47;-5.02
70;-4.69;-3.57;15.77;1.55;-2.51;-4.69
71;-6.32;-1.97;15.58;1.66;-2.46;-4.22
72;-7.22;-0.88;17.13;1.82;-2.51;-3.69
73;-7.05;-1.42;19.01;2.16;-2.55;-3.18
74;-6.88;-1.85;17.42;2.75;-1.88;-2.59
75;-8.15;-0.80;13.93;3.15;-1.35;-1.89
76;-7.70;-0.34;11.20;3.38;-0.77;-1.22
77;-7.27;0.54;9.57;3.54;-0.14;-0.59
78;-6.52;1.08;8.65;3.64;0.31;0.02
79;-5.66;1.19;8.50;3.72;0.55;0.57
80;-4.76;0.90;8.03;3.83;0.69;1.08
81;-3.99;0.75;6.26;3.93;0.79;1.59
82;-2.64;0.45;3.61;3.94;0.92;2.11
83;-1.33;0.12;-0.10;3.78;1.20;2.64
84;0.30;0.39;-3.34;3.35;1.18;3.07
85;2.44;0.28;-5.55;2.76;1.16;3.36
86;5.96;0.01;-7.39;2.14;1.59;3.52
87;9.25;1.27;-8.90;1.44;2.91;3.47
88;10.14;-0.46;-10.32;0.49;3.76;3.10
89;9.17;0.07;-12.15;-0.59;4.01;2.59
90;10.20;-0.73;-13.65;-1.71;4.70;2.25
91;12.64;-2.34;-12.66;-2.78;6.91;1.83
92;9.77;-4.77;-8.33;-3.94;7.53;0.97
93;10.57;-7.68;-1.24;-4.86;6.16;0.13
94;12.08;-8.79;2.88;-5.43;4.35;-0.59
95;15.82;-11.89;5.13;-5.72;3.09;-1.54
96;12.52;-10.58;8.63;-5.93;2.29;-2.67
97;9.38;-10.70;16.83;-6.07;0.36;-3.35
98;8.55;-9.92;27.49;-5.40;0.14;-3.60
99;8.85;-8.49;36.92;-4.22;-0.05;-3.88
100;7.17;-6.90;41.83;-2.66;-0.55;-4.26
101;4.79;-5.39;42.54;-1.01;-0.79;-4.50
102;1.49;-5.12;42.06;0.59;-0.55;-4.50
103;-2.08;-5.69;38.82;2.15;-0.41;-4.32
104;-4.90;-6.56;33.03;3.50;-0.25;-3.94
105;-6.71;-7.67;25.57;4.49;-0.25;-3.45
106;-7.48;-8.41;17.65;5.07;-0.32;-2.93
107;-7.68;-7.69;11.98;5.20;-0.71;-2.51
108;-8.23;-7.13;8.32;5.10;-1.07;-2.23
109;-9.54;-4.41;5.17;4.86;-1.46;-1.92
110;-10.64;-1.87;3.43;4.44;-1.97;-1.59
111;-10.44;-0.41;3.23;4.04;-1.96;-1.22
112;-10.31;1.08;3.09;3.79;-1.36;-0.74
113;-11.04;2.40;1.96;3.61;-0.68;-0.18
114;-10.93;3.08;0.18;3.35;0.10;0.54
115;-9.85;3.69;-2.67;2.99;1.03;1.39
116;-8.88;4.57;-5.17;2.37;1.65;2.22
117;-7.04;4.32;-5.38;1.61;2.00;2.90
118;-5.57;4.17;-4.16;0.81;1.87;3.39
119;-3.69;2.95;-2.32;0.13;1.65;3.72
